8c
00
05
5c
8c
01
05
58
8c
02
05
5c
8c
03
05
58
8c
04
05
5c
8c
05
05
58
8c
06
05
5c
8c
07
05
58
8c
08
05
5c
8c
09
05
58
8c
0a
05
5c
8c
0b
05
58
8c
0c
05
5c
8c
0d
05
58
8c
0e
05
5c
8c
0f
05
58
8c
10
05
5c
8c
11
05
58
8c
12
05
5c
8c
13
05
58
8c
14
05
5c
8c
15
05
58
8c
16
05
5c
8c
17
05
58
8c
18
05
5c
8c
19
05
58
8c
1a
05
5c
8c
1b
05
58
8c
1c
05
5c
8c
1d
05
58
8c
1e
05
5c
8c
1f
05
58
ac
00
00
00
ac
01
00
04
ac
02
00
08
ac
03
00
0c
ac
04
00
10
ac
05
00
14
ac
06
00
18
ac
07
00
1c
ac
08
00
20
ac
09
00
24
ac
0a
00
28
ac
0b
00
2c
ac
0c
00
30
ac
0d
00
34
ac
0e
00
38
ac
0f
00
3c
ac
10
00
44
ac
11
00
4c
ac
12
00
50
ac
13
00
54
ac
14
00
58
ac
15
00
5c
ac
16
00
60
ac
17
00
64
ac
18
00
68
ac
19
00
6c
ac
1a
00
70
ac
1b
00
74
ac
1c
00
78
ac
1d
00
7c
ac
1e
00
80
ac
1f
00
84
8c
05
05
60
8c
03
05
64
00
00
00
00
00
00
00
00
00
00
00
00
ac
a3
ff
fc
8c
04
05
68
00
00
00
00
00
00
00
00
00
00
00
00
ac
a4
00
04
8c
01
05
64
8c
02
05
6c
8c
03
05
70
8c
04
05
74
8c
00
05
64
00
22
30
20
00
41
38
20
00
42
40
20
00
24
48
20
00
43
50
20
00
23
58
20
00
62
60
20
00
81
68
20
00
61
70
20
00
64
78
20
00
83
80
20
00
84
88
20
00
20
90
20
00
02
98
20
00
60
a0
20
00
04
a8
20
00
00
b0
20
ac
06
00
88
ac
07
00
8c
ac
08
00
90
ac
09
00
94
ac
0a
00
98
ac
0b
00
9c
ac
0c
00
a0
ac
0d
00
a4
ac
0e
00
a8
ac
0f
00
ac
ac
10
00
b0
ac
11
00
b4
ac
12
00
b8
ac
13
00
bc
ac
14
00
c0
ac
15
00
c4
ac
16
00
c8
00
22
30
22
00
41
38
22
00
42
40
22
00
24
48
22
00
43
50
22
00
23
58
22
00
62
60
22
00
81
68
22
00
61
70
22
00
64
78
22
00
83
80
22
00
84
88
22
00
20
90
22
00
02
98
22
00
60
a0
22
00
04
a8
22
00
00
b0
22
ac
06
00
cc
ac
07
00
d0
ac
08
00
d4
ac
09
00
d8
ac
0a
00
dc
ac
0b
00
e0
ac
0c
00
e4
ac
0d
00
e8
ac
0e
00
ec
ac
0f
00
f0
ac
10
00
f4
ac
11
00
f8
ac
12
00
fc
ac
13
01
00
ac
14
01
04
ac
15
01
08
ac
16
01
0c
00
22
30
2a
00
41
38
2a
00
42
40
2a
00
24
48
2a
00
43
50
2a
00
23
58
2a
00
62
60
2a
00
81
68
2a
00
61
70
2a
00
64
78
2a
00
83
80
2a
00
84
88
2a
00
20
90
2a
00
02
98
2a
00
60
a0
2a
00
04
a8
2a
00
00
b0
2a
ac
06
01
10
ac
07
01
14
ac
08
01
18
ac
09
01
1c
ac
0a
01
20
ac
0b
01
24
ac
0c
01
28
ac
0d
01
2c
ac
0e
01
30
ac
0f
01
34
ac
10
01
38
ac
11
01
3c
ac
12
01
40
ac
13
01
44
ac
14
01
48
ac
15
01
4c
ac
16
01
50
20
26
7d
00
00
00
00
00
00
00
00
00
00
00
00
00
ac
06
01
54
20
47
7d
00
00
00
00
00
00
00
00
00
00
00
00
00
ac
07
01
58
20
48
30
39
00
00
00
00
00
00
00
00
00
00
00
00
ac
08
01
5c
20
29
83
00
00
00
00
00
00
00
00
00
00
00
00
00
ac
09
01
60
20
4a
83
00
00
00
00
00
00
00
00
00
00
00
00
00
ac
0a
01
64
20
4b
cf
c7
00
00
00
00
00
00
00
00
00
00
00
00
ac
0b
01
68
20
6c
7d
00
00
00
00
00
00
00
00
00
00
00
00
00
ac
0c
01
6c
20
8d
7d
00
00
00
00
00
00
00
00
00
00
00
00
00
ac
0d
01
70
20
8e
30
39
00
00
00
00
00
00
00
00
00
00
00
00
ac
0e
01
74
20
6f
83
00
00
00
00
00
00
00
00
00
00
00
00
00
ac
0f
01
78
20
90
83
00
00
00
00
00
00
00
00
00
00
00
00
00
ac
10
01
7c
20
91
cf
c7
00
00
00
00
00
00
00
00
00
00
00
00
ac
11
01
80
20
32
00
00
00
00
00
00
00
00
00
00
00
00
00
00
ac
12
01
84
20
13
7d
00
00
00
00
00
00
00
00
00
00
00
00
00
ac
13
01
88
20
74
00
00
00
00
00
00
00
00
00
00
00
00
00
00
ac
14
01
8c
20
15
83
00
00
00
00
00
00
00
00
00
00
00
00
00
ac
15
01
90
20
16
00
00
00
00
00
00
00
00
00
00
00
00
00
00
ac
16
01
94
28
26
7d
00
00
00
00
00
00
00
00
00
00
00
00
00
ac
06
01
98
28
47
7d
00
00
00
00
00
00
00
00
00
00
00
00
00
ac
07
01
9c
28
48
30
39
00
00
00
00
00
00
00
00
00
00
00
00
ac
08
01
a0
28
29
83
00
00
00
00
00
00
00
00
00
00
00
00
00
ac
09
01
a4
28
4a
83
00
00
00
00
00
00
00
00
00
00
00
00
00
ac
0a
01
a8
28
4b
cf
c7
00
00
00
00
00
00
00
00
00
00
00
00
ac
0b
01
ac
28
6c
7d
00
00
00
00
00
00
00
00
00
00
00
00
00
ac
0c
01
b0
28
8d
7d
00
00
00
00
00
00
00
00
00
00
00
00
00
ac
0d
01
b4
28
8e
30
39
00
00
00
00
00
00
00
00
00
00
00
00
ac
0e
01
b8
28
6f
83
00
00
00
00
00
00
00
00
00
00
00
00
00
ac
0f
01
bc
28
90
83
00
00
00
00
00
00
00
00
00
00
00
00
00
ac
10
01
c0
28
91
cf
c7
00
00
00
00
00
00
00
00
00
00
00
00
ac
11
01
c4
28
32
00
00
00
00
00
00
00
00
00
00
00
00
00
00
ac
12
01
c8
28
13
7d
00
00
00
00
00
00
00
00
00
00
00
00
00
ac
13
01
cc
28
74
00
00
00
00
00
00
00
00
00
00
00
00
00
00
ac
14
01
d0
28
15
83
00
00
00
00
00
00
00
00
00
00
00
00
00
ac
15
01
d4
28
16
00
00
00
00
00
00
00
00
00
00
00
00
00
00
ac
16
01
d8
8c
01
05
78
8c
02
05
7c
8c
00
05
78
00
00
00
00
00
01
18
00
00
01
20
40
00
01
28
80
00
01
30
c0
00
01
39
00
00
01
41
40
00
01
49
80
00
01
51
c0
00
01
5a
00
00
01
62
40
00
01
6a
80
00
01
72
c0
00
01
7b
00
00
01
83
40
00
01
8b
80
00
01
93
c0
00
01
9c
00
00
01
a4
40
00
01
ac
80
00
01
b4
c0
00
01
bd
00
00
01
c5
40
00
01
cd
80
00
01
d5
c0
00
01
de
00
00
01
e6
40
00
01
ee
80
00
01
f6
c0
00
01
ff
00
00
01
1f
40
00
01
27
80
00
01
2f
c0
00
02
30
00
00
02
38
40
00
02
40
80
00
02
48
c0
00
02
51
00
00
02
59
40
00
02
61
80
00
02
69
c0
00
02
72
00
00
02
7a
40
00
02
82
80
00
02
8a
c0
00
02
93
00
00
02
9b
40
00
02
a3
80
00
02
ab
c0
00
02
b4
00
00
02
bc
40
00
02
c4
80
00
02
cc
c0
00
02
d5
00
00
02
dd
40
00
02
e5
80
00
02
ed
c0
00
02
f6
00
00
02
fe
40
00
02
1e
80
00
02
26
c0
00
02
2f
00
00
02
37
40
00
02
3f
80
00
02
47
c0
00
00
48
00
00
00
50
40
00
00
58
80
00
00
60
c0
00
00
69
00
00
00
71
40
00
00
79
80
00
00
81
c0
00
00
8a
00
00
00
92
40
00
00
9a
80
00
00
a2
c0
00
00
ab
00
00
00
b3
40
00
00
bb
80
00
00
c3
c0
00
00
cc
00
00
00
d4
40
00
00
dc
80
00
00
e4
c0
00
00
ed
00
00
00
f5
40
00
00
fd
80
00
00
1d
c0
00
00
26
00
00
00
2e
40
00
00
36
80
00
00
3e
c0
00
00
47
00
00
00
4f
40
00
00
57
80
00
00
5f
c0
ac
03
01
dc
ac
04
01
e0
ac
05
01
e4
ac
06
01
e8
ac
07
01
ec
ac
08
01
f0
ac
09
01
f4
ac
0a
01
f8
ac
0b
01
fc
ac
0c
02
00
ac
0d
02
04
ac
0e
02
08
ac
0f
02
0c
ac
10
02
10
ac
11
02
14
ac
12
02
18
ac
13
02
1c
ac
14
02
20
ac
15
02
24
ac
16
02
28
ac
17
02
2c
ac
18
02
30
ac
19
02
34
ac
1a
02
38
ac
1b
02
3c
ac
1c
02
40
ac
1d
02
44
ac
1e
02
48
ac
1f
02
4c
ac
03
02
50
ac
04
02
54
ac
05
02
58
ac
06
02
5c
ac
07
02
60
ac
08
02
64
ac
09
02
68
ac
0a
02
6c
ac
0b
02
70
ac
0c
02
74
ac
0d
02
78
ac
0e
02
7c
ac
0f
02
80
ac
10
02
84
ac
11
02
88
ac
12
02
8c
ac
13
02
90
ac
14
02
94
ac
15
02
98
ac
16
02
9c
ac
17
02
a0
ac
18
02
a4
ac
19
02
a8
ac
1a
02
ac
ac
1b
02
b0
ac
1c
02
b4
ac
1d
02
b8
ac
1e
02
bc
ac
1f
02
c0
ac
03
02
c4
ac
04
02
c8
ac
05
02
cc
ac
06
02
d0
ac
07
02
d4
ac
08
02
d8
ac
09
02
dc
ac
0a
02
e0
ac
0b
02
e4
ac
0c
02
e8
ac
0d
02
ec
ac
0e
02
f0
ac
0f
02
f4
ac
10
02
f8
ac
11
02
fc
ac
12
03
00
ac
13
03
04
ac
14
03
08
ac
15
03
0c
ac
16
03
10
ac
17
03
14
ac
18
03
18
ac
19
03
1c
ac
1a
03
20
ac
1b
03
24
ac
1c
03
28
ac
1d
03
2c
ac
1e
03
30
ac
1f
03
34
ac
03
03
38
ac
04
03
3c
ac
05
03
40
ac
06
03
44
ac
07
03
48
ac
08
03
4c
ac
09
03
50
ac
0a
03
54
ac
0b
03
58
8c
01
05
78
8c
02
05
7c
8c
00
05
78
00
00
00
00
00
01
18
02
00
01
20
42
00
01
28
82
00
01
30
c2
00
01
39
02
00
01
41
42
00
01
49
82
00
01
51
c2
00
01
5a
02
00
01
62
42
00
01
6a
82
00
01
72
c2
00
01
7b
02
00
01
83
42
00
01
8b
82
00
01
93
c2
00
01
9c
02
00
01
a4
42
00
01
ac
82
00
01
b4
c2
00
01
bd
02
00
01
c5
42
00
01
cd
82
00
01
d5
c2
00
01
de
02
00
01
e6
42
00
01
ee
82
00
01
f6
c2
00
01
ff
02
00
01
1f
42
00
01
27
82
00
01
2f
c2
00
02
30
02
00
02
38
42
00
02
40
82
00
02
48
c2
00
02
51
02
00
02
59
42
00
02
61
82
00
02
69
c2
00
02
72
02
00
02
7a
42
00
02
82
82
00
02
8a
c2
00
02
93
02
00
02
9b
42
00
02
a3
82
00
02
ab
c2
00
02
b4
02
00
02
bc
42
00
02
c4
82
00
02
cc
c2
00
02
d5
02
00
02
dd
42
00
02
e5
82
00
02
ed
c2
00
02
f6
02
00
02
fe
42
00
02
1e
82
00
02
26
c2
00
02
2f
02
00
02
37
42
00
02
3f
82
00
02
47
c2
00
00
48
02
00
00
50
42
00
00
58
82
00
00
60
c2
00
00
69
02
00
00
71
42
00
00
79
82
00
00
81
c2
00
00
8a
02
00
00
92
42
00
00
9a
82
00
00
a2
c2
00
00
ab
02
00
00
b3
42
00
00
bb
82
00
00
c3
c2
00
00
cc
02
00
00
d4
42
00
00
dc
82
00
00
e4
c2
00
00
ed
02
00
00
f5
42
00
00
fd
82
00
00
1d
c2
00
00
26
02
00
00
2e
42
00
00
36
82
00
00
3e
c2
00
00
47
02
00
00
4f
42
00
00
57
82
00
00
5f
c2
ac
03
01
dc
ac
04
01
e0
ac
05
01
e4
ac
06
01
e8
ac
07
01
ec
ac
08
01
f0
ac
09
01
f4
ac
0a
01
f8
ac
0b
01
fc
ac
0c
02
00
ac
0d
02
04
ac
0e
02
08
ac
0f
02
0c
ac
10
02
10
ac
11
02
14
ac
12
02
18
ac
13
02
1c
ac
14
02
20
ac
15
02
24
ac
16
02
28
ac
17
02
2c
ac
18
02
30
ac
19
02
34
ac
1a
02
38
ac
1b
02
3c
ac
1c
02
40
ac
1d
02
44
ac
1e
02
48
ac
1f
02
4c
ac
03
02
50
ac
04
02
54
ac
05
02
58
ac
06
02
5c
ac
07
02
60
ac
08
02
64
ac
09
02
68
ac
0a
02
6c
ac
0b
02
70
ac
0c
02
74
ac
0d
02
78
ac
0e
02
7c
ac
0f
02
80
ac
10
02
84
ac
11
02
88
ac
12
02
8c
ac
13
02
90
ac
14
02
94
ac
15
02
98
ac
16
02
9c
ac
17
02
a0
ac
18
02
a4
ac
19
02
a8
ac
1a
02
ac
ac
1b
02
b0
ac
1c
02
b4
ac
1d
02
b8
ac
1e
02
bc
ac
1f
02
c0
ac
03
02
c4
ac
04
02
c8
ac
05
02
cc
ac
06
02
d0
ac
07
02
d4
ac
08
02
d8
ac
09
02
dc
ac
0a
02
e0
ac
0b
02
e4
ac
0c
02
e8
ac
0d
02
ec
ac
0e
02
f0
ac
0f
02
f4
ac
10
02
f8
ac
11
02
fc
ac
12
03
00
ac
13
03
04
ac
14
03
08
ac
15
03
0c
ac
16
03
10
ac
17
03
14
ac
18
03
18
ac
19
03
1c
ac
1a
03
20
ac
1b
03
24
ac
1c
03
28
ac
1d
03
2c
ac
1e
03
30
ac
1f
03
34
ac
03
03
38
ac
04
03
3c
ac
05
03
40
ac
06
03
44
ac
07
03
48
ac
08
03
4c
ac
09
03
50
ac
0a
03
54
ac
0b
03
58
8c
08
05
7c
8c
09
05
80
8c
10
05
7c
8c
11
05
80
8c
00
05
7c
8c
01
05
84
8c
02
05
84
8c
03
05
84
8c
04
05
84
8c
05
05
84
8c
06
05
84
8c
07
05
84
11
10
00
05
8c
01
05
88
8c
05
05
88
00
00
00
00
00
00
00
00
00
00
00
00
00
00
00
00
00
00
00
00
ac
01
04
dc
11
08
00
1a
8c
02
05
88
8c
06
05
88
00
00
00
00
00
00
00
00
00
00
00
00
ac
03
04
e4
11
11
00
04
ac
05
04
ec
00
00
00
00
00
00
00
00
00
00
00
00
12
28
00
04
ac
06
04
f0
00
00
00
00
00
00
00
00
00
00
00
00
11
00
00
04
ac
07
04
f4
00
00
00
00
00
00
00
00
00
00
00
00
12
31
00
0d
8c
04
05
88
00
00
00
00
00
00
00
00
00
00
00
00
00
00
00
00
00
00
00
00
ac
02
04
e0
8c
03
05
88
8c
07
05
88
11
31
ff
e5
00
00
00
00
00
00
00
00
00
00
00
00
00
00
00
00
00
00
00
00
ac
04
04
e8
00
00
00
00
00
00
00
00
00
00
00
00
8c
08
05
7c
8c
09
05
80
8c
10
05
7c
8c
11
05
80
8c
00
05
7c
8c
01
05
84
8c
02
05
84
8c
03
05
84
8c
04
05
84
8c
05
05
84
8c
06
05
84
8c
07
05
84
15
11
00
05
8c
01
05
88
8c
05
05
88
00
00
00
00
00
00
00
00
00
00
00
00
00
00
00
00
00
00
00
00
ac
01
04
f8
15
00
00
1a
8c
02
05
88
8c
06
05
88
00
00
00
00
00
00
00
00
00
00
00
00
ac
03
05
00
15
10
00
04
ac
05
05
08
00
00
00
00
00
00
00
00
00
00
00
00
15
31
00
04
ac
06
05
0c
00
00
00
00
00
00
00
00
00
00
00
00
16
31
00
04
ac
07
05
10
00
00
00
00
00
00
00
00
00
00
00
00
16
28
00
0d
8c
04
05
88
00
00
00
00
00
00
00
00
00
00
00
00
00
00
00
00
00
00
00
00
ac
02
04
fc
8c
03
05
88
8c
07
05
88
14
11
ff
e5
00
00
00
00
00
00
00
00
00
00
00
00
00
00
00
00
00
00
00
00
ac
04
05
04
00
00
00
00
00
00
00
00
00
00
00
00
8c
01
05
84
8c
02
05
84
8c
03
05
84
8c
04
05
84
08
00
03
7A
8c
01
05
88
00
00
00
00
00
00
00
00
00
00
00
00
00
00
00
00
00
00
00
00
00
00
00
00
ac
02
05
14
08
00
03
86
8c
04
05
88
00
00
00
00
00
00
00
00
00
00
00
00
00
00
00
00
00
00
00
00
00
00
00
00
00
00
00
00
00
00
00
00
ac
01
05
18
8c
02
05
88
08
00
03
71
8c
03
05
88
00
00
00
00
00
00
00
00
00
00
00
00
00
00
00
00
00
00
00
00
ac
03
05
1c
00
00
00
00
00
00
00
00
ac
04
05
20
00
00
00
00
00
00
00
00
00
00
00
00
00
00
00
00
00
00
00
00
8c
01
05
84
8c
02
05
84
8c
03
05
84
8c
04
05
84
0C
00
03
A4
8c
01
05
88
00
00
00
00
00
00
00
00
00
00
00
00
00
00
00
00
00
00
00
00
00
00
00
00
ac
02
05
28
ac
1f
05
24
0C
00
03
B0
8c
04
05
88
00
00
00
00
00
00
00
00
00
00
00
00
00
00
00
00
00
00
00
00
00
00
00
00
00
00
00
00
ac
1f
05
2c
ac
01
05
30
8c
02
05
88
0C
00
03
9A
8c
03
05
88
00
00
00
00
00
00
00
00
00
00
00
00
00
00
00
00
00
00
00
00
ac
03
05
38
00
00
00
00
ac
1f
05
34
ac
04
05
3c
00
00
00
00
00
00
00
00
00
00
00
00
00
00
00
00
00
00
00
00
8c
01
05
84
8c
02
05
84
8c
03
05
84
8c
04
05
84
0C
00
03
C5
ac
01
05
40
0C
00
03
DA
00
00
00
00
00
00
00
00
00
00
00
00
00
00
00
00
00
00
00
00
8c
01
05
88
00
00
00
00
03
e0
00
08
8c
02
05
88
00
00
00
00
00
00
00
00
00
00
00
00
00
00
00
00
00
00
00
00
ac
03
05
44
00
00
00
00
23
ea
00
04
00
00
00
00
00
00
00
00
00
00
00
00
01
40
00
08
00
00
00
00
00
00
00
00
00
00
00
00
00
00
00
00
00
00
00
00
ac
02
05
48
8c
03
05
88
00
00
00
00
0C
00
03
CE
8c
04
05
88
00
00
00
00
00
00
00
00
00
00
00
00
ac
04
05
4c
00
00
00
00
00
00
00
00
00
00
00
00
00
00
00
00
00
00
00
00
00
00
00
00
00
00
00
00
00
00
00
00
00
00
00
00
00
00
00
00
00
00
00
00
00
00
00
00
00
00
00
00
00
00
00
00
00
00
00
00
00
00
00
00
00
00
00
00
00
00
00
00
00
00
00
00
00
00
00
00
00
00
00
00
00
00
00
00
00
00
00
00
00
00
00
00
00
00
00
00
